539
457
736
245
59
868
518
249
839
652
180
127
60
503
562
198
120
603
848
505
21
162
254
107
869
712
823
179
493
502
623
300
698
58
86
459
194
584
169
287
128
600
522
834
485
477
299
186
789
310
260
175
117
585
419
525
696
409
494
547
121
545
26
568
204
267
580
445
45
87
575
713
404
589
761
804
81
363
71
302
684
757
225
133
82
499
448
282
733
6
548
309
850
872
62
663
191
268
671
238
766
591
383
668
857
536
326
275
47
173
571
853
817
813
456
861
295
319
343
203
471
453
487
557
324
24
507
788
566
416
13
741
632
725
780
292
334
338
353
40
207
134
46
342
277
771
667
291
537
551
633
645
54
116
160
178
290
252
854
269
99
248
72
373
148
355
378
860
184
770
339
7
55
187
755
150
432
637
670
25
22
395
222
794
237
209
433
824
688
782
164
616
289
681
43
211
413
768
648
246
458
658
744
737
579
482
284
224
624
273
764
266
697
156
447
855
112
443
627
283
811
165
392
234
331
425
428
170
691
775
197
722
100
710
851
470
866
845
439
651
849
375
264
739
4
572
166
791
810
819
649
625
644
743
605
317
66
418
640
144
230
2
807
361
301
462
52
190
613
3
838
84
472
512
705
523
847
394
569
825
135
797
201
422
434
57
311
609
182
560
137
31
830
806
103
401
778
473
672
852
578
831
374
726
675
328
626
552
417
27
426
108
431
574
79
226
41
231
20
478
223
532
399
414
393
316
64
480
111
844
70
188
349
790
65
833
379
69
858
454
243
293
423
348
242
262
396
731
601
93
481
836
235
97
835
533
77
602
113
515
322
531
323
664
341
805
597
247
570
253
244
153
325
352
619
297
400
420
366
440
706
200
294
519
233
526
372
787
96
678
821
629
469
436
332
680
604
136
460
592
105
336
867
183
119
38
812
91
196
90
752
474
546
438
312
464
676
408
607
792
221
380
827
856
239
759
16
665
421
125
801
486
550
213
826
115
753
256
695
359
841
263
693
39
621
842
168
702
638
360
261
864
642
501
442
389
362
594
308
614
723
746
202
95
369
745
829
19
465
227
679
347
35
444
130
126
219
727
32
61
599
540
871
241
760
711
496
595
114
656
561
497
558
94
763
538
762
774
719
639
510
843
149
816
427
818
543
398
699
516
85
154
654
157
692
356
799
529
559
773
549
37
314
630
577
735
172
446
479
181
655
636
617
143
660
139
346
11
78
368
461
689
305
381
666
42
217
185
276
174
232
411
802
88
476
228
506
101
669
803
520
89
205
769
159
662
756
358
646
370
216
371
67
822
337
820
63
489
298
563
631
212
195
218
554
345
781
779
321
28
535
703
286
534
132
740
340
330
686
683
777
80
730
405
606
104
815
583
598
354
862