599
445
489
746
200
589
431
428
236
261
767
158
822
259
868
338
695
350
534
687
702
71
574
869
582
737
773
502
48
342
241
732
258
54
688
699
131
708
791
456
459
188
282
500
856
633
561
168
726
630
203
615
766
18
413
496
112
274
299
336
509
750
782
495
393
798
145
129
862
245
507
809
377
264
25
159
154
848
133
223
842
254
310
859
229
813
723
626
691
823
111
819
478
363
435
803
250
296
785
401
718
142
817
713
220
118
493
447
81
619
163
781
558
820
281
397
824
426
844
307
29
424
104
362
584
515
417
443
136
548
499
242
196
243
126
634
128
566
573
410
237
283
792
485
391
257
202
382
681
514
562
76
570
422
330
339
783
120
50
371
181
572
313
270
458
531
147
828
617
251
588
567
864
471
815
33
595
351
618
707
169
491
56
729
761
498
756
10
519
525
185
4
504
512
657
676
579
103
300
786
102
58
550
536
524
517
91
192
116
166
265
84
465
301
324
47
298
722
244
312
317
716
622
872
316
208
439
602
613
8
454
361
825
280
855
690
523
836
175
378
843
477
673
12
446
288
847
132
262
52
55
808
538
641
629
409
406
583
553
668
356
870
535
6
249
404
672
624
369
751
658
80
764
736
433
697
527
36
638
38
510
415
654
670
513
490
591
70
710
384
472
374
683
720
253
43
701
13
860
743
21
228
646
436
455
448
44
7
666
483
696
162
698
810
320
335
611
212
850
297
738
440
268
194
83
90
100
684
597
526
711
612
107
656
51
841
829
416
771
674
328
438
735
537
632
801
559
360
854
805
623
778
105
779
863
466
660
508
755
616
685
592
661
23
545
457
62
601
82
770
788
511
506
79
649
763
625
861
146
799
354
475
835
138
571
343
430
724
648
183
315
594
423
359
215
290
740
357
557
275
211
352
96
294
492
125
473
753
115
408
171
727
124
577
631
412
78
179
277
569
655
153
556
669
213
98
398
383
451
453
484
309
172
650
88
271
114
186
444
197
769
217
87
37
833
151
143
480
269
411
476
586
741
222
596
394
419
812
811
765
308
380
130
839
239
387
608
77
693
20
837
314
263
407
605
692
635
675
347
831
643
376
389
645
547
742
494
642
311
152
797
614
278
793
821
647
160
248
303
190
119
195
758
470
714
705
482
191
830
305
585
101
467
28
9
653
581
353
441
399
568
180
434
667
99
167
730
663
488
816
520
715
218
840
555
832
747
418
3
368
795
530
396
600
326
639
189
61
709
318
329
640
551
231
321
306
285
337
552
590
344
772
210
826
804
665
745
787
518
554
187
375
546
75
539
432
85
184
390
564
834
97
528
216
86
505
700
867
414
272
2
442
679
734
717
233
49
161
776
176
644
703
367
53
46
628
19
759
135
651
814