650
23
428
411
807
10
513
201
824
778
39
529
74
446
165
564
431
534
727
353
566
46
459
784
558
597
698
636
292
209
858
422
710
580
791
131
736
379
412
357
236
400
457
188
768
43
526
304
556
59
767
119
462
811
530
246
447
856
239
635
207
647
641
130
247
839
15
203
846
252
855
221
783
759
151
572
749
225
840
859
344
63
241
608
552
547
531
657
719
660
718
726
587
408
733
828
528
775
440
176
707
25
765
844
222
843
760
626
135
136
853
102
498
740
371
47
178
484
187
427
8
795
421
278
860
392
152
72
261
167
113
174
11
818
500
523
367
822
30
416
861
37
675
341
617
497
653
195
57
637
76
485
701
348
397
463
574
686
590
264
179
418
223
376
190
372
263
22
98
378
216
123
122
745
732
127
230
549
32
448
100
721
621
501
695
364
310
704
833
1
786
708
742
224
468
644
40
505
666
605
442
730
248
186
490
585
555
385
487
769
142
352
212
607
115
121
788
659
871
691
679
787
31
461
751
350
132
849
725
415
16
582
800
220
343
33
192
444
575
159
610
423
761
634
674
470
868
477
777
270
13
489
324
153
581
108
156
318
73
383
756
67
80
406
148
571
797
276
625
516
627
237
467
683
869
639
51
394
690
614
814
536
816
256
49
435
288
150
197
281
45
711
158
194
852
456
137
92
390
790
274
638
658
69
250
838
169
454
257
570
561
171
772
837
779
579
694
255
672
154
841
705
835
313
599
302
624
326
494
757
206
693
107
622
312
583
120
565
702
55
801
506
114
3
227
369
374
249
214
600
29
162
539
20
360
789
673
595
799
510
557
366
349
722
437
503
491
205
847
830
289
815
332
163
298
388
183
373
363
805
409
95
286
602
576
319
764
452
362
260
184
354
479
404
651
68
615
299
133
596
50
469
87
483
460
320
643
410
103
70
215
82
826
52
358
34
535
305
766
300
144
735
425
812
77
754
83
399
407
476
403
124
562
680
91
612
842
322
211
293
738
655
755
89
79
458
218
345
244
149
684
321
355
81
126
798
785
287
703
813
78
382
419
671
370
604
96
438
667
862
809
268
449
550
642
134
488
62
290
851
554
436
303
496
147
656
9
426
125
99
389
758
546
592
27
338
242
141
678
682
864
499
7
283
245
325
517
84
578
333
537
821
351
495
808
829
265
0
522
620
417
86
746
668
720
521
776
628
251
640
681
381
649
64
518
687
191
803
116
613
272
770
700
834
414
569
398
24
185
806
233
301
323
715
632
728
804
782
66
337
60
481
810
432
850
748
271
61
652
75
430
330
347
509
26
346
164
368
311
380
588
160
282
356
273
729
182
111
441
478
361
253
420
820
395
375
38
157
285
648
677
662
359
433
110
601
17
713
793
480
670