183
281
475
551
635
94
512
478
260
627
265
676
266
83
789
56
469
397
299
389
175
781
343
750
358
857
264
795
351
416
218
462
847
95
164
340
226
774
216
346
144
386
569
317
734
871
630
762
504
290
2
44
565
622
761
417
292
677
284
124
460
382
431
695
573
641
146
295
482
659
852
699
252
633
231
547
527
96
369
706
598
214
651
663
850
523
69
326
432
269
554
283
230
16
660
697
394
859
839
158
721
153
110
29
652
747
534
689
757
738
38
235
437
436
119
556
377
566
642
385
541
91
273
616
657
118
516
809
206
64
745
698
41
213
560
802
645
246
130
601
531
511
304
354
285
182
599
668
755
197
243
472
117
868
45
407
834
306
293
708
151
544
813
506
530
310
3
821
223
168
614
127
6
830
518
224
582
342
606
837
101
787
669
114
529
332
35
748
413
0
822
171
775
361
617
586
115
665
842
490
731
495
780
165
449
666
89
368
493
435
797
577
650
61
400
866
159
587
424
855
135
131
831
705
106
376
502
559
81
673
433
303
592
77
272
18
344
189
827
782
533
387
730
301
31
725
32
631
740
593
187
10
277
709
440
681
578
771
184
9
141
767
643
279
133
140
585
228
145
177
362
846
87
720
335
445
452
779
733
818
607
139
237
644
43
138
793
772
321
848
185
517
186
405
737
749
814
256
129
169
270
327
152
319
442
128
794
672
703
840
536
268
204
526
211
841
732
239
161
62
492
466
853
680
444
692
615
441
664
833
769
21
259
726
331
353
263
14
357
719
810
107
212
46
111
457
618
443
594
391
808
691
545
401
373
105
508
602
522
685
374
166
765
170
636
71
178
179
596
76
367
637
181
485
503
459
777
414
763
419
751
149
318
375
543
329
75
756
143
510
50
790
78
865
860
190
844
477
861
628
410
468
735
337
707
558
869
234
79
667
826
864
479
53
649
704
613
640
11
309
220
576
509
525
562
838
112
754
137
428
37
408
589
42
538
287
524
355
461
402
12
450
768
608
579
521
470
700
242
352
49
63
291
30
465
142
727
59
147
610
225
207
320
553
591
100
688
758
300
540
88
155
484
67
561
194
241
84
296
783
122
103
713
453
13
360
539
806
421
514
219
23
785
497
499
604
496
108
322
307
392
439
715
248
425
172
581
5
113
634
588
393
205
693
507
611
379
796
817
126
481
455
247
568
661
791
399
662
764
546
532
597
430
563
51
202
816
20
564
222
365
603
684
494
411
792
605
325
102
670
267
280
7
776
851
418
22
572
629
454
555
446
86
157
872
274
722
434
350
150
380
198
863
420
580
180
513
491
575
65
423
858
196
255
463
33
671
412
39
154
570
121
678
294
390
25
426
471
829
815
188
210
99
801
812
612
336
824
339
68
85