188
742
310
262
20
721
649
196
52
573
37
172
587
639
656
758
305
753
246
126
710
315
468
740
702
728
99
484
223
668
338
136
303
679
354
805
870
561
411
336
465
0
591
860
812
110
418
824
802
700
583
764
146
492
184
369
670
708
709
317
349
781
181
523
635
486
460
757
299
102
204
10
535
109
564
469
549
21
353
499
376
224
821
451
500
854
319
780
6
796
69
118
542
646
59
478
165
822
517
502
257
50
675
481
498
4
799
678
601
534
575
125
629
818
12
643
581
265
603
711
712
61
137
661
466
307
800
279
504
533
227
16
589
696
716
452
588
672
195
335
655
244
789
290
512
622
209
819
687
673
425
449
243
155
547
36
691
200
501
856
334
127
624
776
871
599
377
13
390
795
392
734
355
430
351
692
865
153
364
149
565
185
252
368
604
584
216
867
95
627
736
706
288
229
434
553
658
572
396
54
829
343
381
680
648
765
287
695
217
365
593
785
497
86
291
379
406
24
387
720
605
360
325
769
685
94
834
642
470
509
333
230
45
374
815
644
352
394
857
756
446
771
528
363
461
634
414
779
645
623
732
830
111
714
473
801
651
436
58
816
722
507
496
782
864
92
863
579
855
617
162
763
90
703
839
841
201
792
636
14
177
798
100
628
2
577
409
71
422
438
846
859
485
811
25
701
719
483
190
65
284
652
817
1
663
476
773
743
667
558
433
107
632
580
809
849
226
862
189
761
731
251
42
256
582
530
669
432
202
231
662
259
778
183
688
419
385
555
106
823
754
337
633
480
505
450
176
397
163
220
245
191
382
29
494
625
772
744
787
631
508
122
659
595
431
559
55
67
748
729
539
242
120
745
269
297
697
323
66
97
117
746
225
511
447
105
621
750
362
212
218
503
56
145
234
211
358
793
141
327
3
93
439
810
550
31
858
775
383
786
313
707
302
85
101
872
760
240
266
398
803
91
346
60
168
289
442
832
219
371
272
342
41
321
520
373
506
264
544
173
630
206
203
164
453
380
38
443
391
329
608
597
590
538
725
322
292
602
515
159
250
276
510
23
783
8
152
455
156
113
868
717
540
459
361
142
524
755
474
72
594
314
551
304
585
647
5
62
134
249
35
178
261
690
586
532
154
232
68
657
395
348
600
791
347
344
11
7
541
718
366
733
514
89
151
826
17
596
80
808
63
641
428
548
108
637
848
650
522
47
359
683
278
570
529
739
98
638
236
82
161
263
193
735
852
389
705
238
78
441
833
131
609
267
546
340
543
64
112
699
762
18
28
571
330
298
467
318
128
75
574
296
847
233
324
562
408
76
222
747
613
545
457
660
462
615
835
527
187
180
210
150
273
44
345
614
43
853
759
557
258
57
87
140
569
653
694
208
724
537
554