224
238
304
734
158
12
264
523
258
3
494
197
669
730
763
434
343
102
400
295
133
78
580
164
326
768
94
211
163
120
310
54
112
499
610
19
359
69
401
552
228
222
338
313
638
781
658
235
477
708
848
600
847
141
269
182
510
548
484
6
392
645
742
246
606
288
300
202
817
807
302
751
145
529
660
820
125
473
572
690
208
318
841
850
47
794
268
655
543
371
106
613
783
479
795
723
204
8
91
17
262
546
714
852
748
810
559
366
665
756
816
391
108
609
531
161
83
152
205
493
570
704
124
647
843
721
513
487
737
772
352
45
395
506
823
344
584
659
534
643
122
245
132
170
693
31
131
839
565
82
404
798
410
88
541
388
612
520
90
322
232
765
98
728
738
277
664
71
297
845
491
470
16
325
674
149
66
722
780
602
605
587
35
535
811
802
729
747
38
703
104
41
545
761
688
858
59
867
185
561
103
713
370
542
438
633
537
512
835
554
530
251
586
696
573
500
314
411
596
489
168
143
381
174
528
821
563
252
289
213
627
373
56
579
716
687
394
614
634
380
386
435
231
741
265
20
853
0
254
263
424
195
429
135
347
507
223
752
803
215
100
857
279
582
119
692
775
651
859
285
29
24
97
483
159
774
173
154
459
540
144
733
642
865
194
130
146
13
274
206
480
418
123
330
661
272
303
363
109
769
333
407
397
695
619
21
504
294
284
384
191
427
340
77
657
147
486
812
653
746
140
413
339
63
242
184
76
311
51
219
617
469
496
349
30
456
399
732
198
220
79
110
818
226
293
166
190
656
150
773
376
450
96
735
40
250
624
296
851
671
533
608
785
417
577
53
706
113
355
237
622
192
27
764
327
209
498
549
157
267
4
240
169
465
758
863
34
560
677
230
833
196
292
589
585
351
562
846
139
156
23
629
390
433
167
495
60
788
611
715
814
668
201
107
328
186
85
458
81
64
155
678
33
28
804
101
171
200
564
809
505
287
575
832
792
871
806
431
592
425
430
681
299
309
253
519
217
591
383
836
745
760
676
597
724
419
301
639
423
14
378
698
526
406
770
588
447
176
175
84
862
126
357
593
335
789
553
525
341
860
749
650
116
212
755
838
829
377
365
62
350
616
57
187
58
455
778
558
319
607
454
398
348
620
270
70
43
569
649
345
694
831
539
162
700
153
567
375
524
625
566
771
709
578
779
595
672
718
598
482
280
615
316
503
762
67
445
654
618
414
648
68
684
697
249
261
621
719
521
137
717
689
342
516
581
46
777
583
396
557
207
626
165
442
726
50
702
644
710
172
462
481
551
324
849
518
555
93
872
652
453
490
346
87
148
750
291
799
393
870
603
321
837
118
312
632
260
813
379
791
282
36
842
7
2
599
48
151
766
22
142