421
796
261
537
236
505
212
548
10
567
279
343
706
744
116
402
783
610
438
762
538
779
463
812
334
111
751
411
260
280
858
67
485
283
243
197
355
691
499
239
498
704
378
189
811
107
17
799
389
354
700
576
472
177
217
377
406
502
715
370
225
157
76
741
372
692
400
746
775
784
526
589
224
24
326
699
336
371
481
827
253
349
63
78
604
154
292
754
13
869
574
150
492
147
832
870
274
439
19
771
134
774
382
711
605
454
145
213
793
644
835
566
100
528
490
494
455
130
564
507
381
864
638
614
416
656
106
115
435
252
583
278
139
257
581
725
344
156
310
37
570
766
635
782
565
643
360
834
534
393
194
714
515
651
806
311
1
868
309
798
120
862
558
196
202
486
407
81
459
736
69
93
646
821
186
475
686
165
124
674
516
487
129
144
329
719
49
27
571
14
282
497
222
83
842
577
233
299
206
289
300
816
441
781
242
703
45
727
753
163
90
323
767
273
654
555
296
173
72
417
3
569
645
408
478
73
593
777
325
376
82
246
216
259
794
737
445
166
7
520
436
121
732
504
15
755
722
125
760
335
422
628
672
606
60
529
361
158
734
836
468
752
720
170
141
148
509
849
599
431
785
655
584
573
801
578
731
854
493
859
740
332
822
761
636
543
818
80
735
723
298
414
405
284
476
373
94
339
97
724
385
84
675
162
462
333
200
395
304
653
215
813
40
214
825
380
375
535
809
149
759
367
517
546
852
449
501
126
401
136
291
43
673
585
96
747
513
742
386
70
690
613
456
729
432
701
176
617
195
510
305
62
46
254
440
789
721
489
457
317
697
612
833
356
460
687
633
452
182
32
866
210
603
312
184
667
716
138
625
560
728
306
586
693
366
135
101
338
122
527
469
397
26
368
59
556
791
44
828
848
42
668
540
327
443
855
192
642
532
319
364
89
630
549
387
290
198
523
872
787
461
482
396
840
237
689
778
814
168
318
228
249
557
127
271
207
442
191
518
713
264
464
403
232
619
205
140
384
484
664
420
437
496
353
483
838
519
345
863
709
433
587
596
169
531
244
745
199
164
756
275
776
302
328
757
631
374
75
320
131
830
588
514
473
133
817
399
525
425
123
109
119
867
660
251
769
391
683
28
726
568
230
220
208
772
748
250
419
629
797
221
611
346
446
542
409
175
669
394
749
285
262
167
87
458
151
553
533
640
845
707
270
663
506
447
31
788
92
18
847
179
582
341
423
398
495
641
188
544
404
488
47
255
55
234
702
286
6
337
666
348
795
467
342
247
365
227
639
765
451
79
508
219
843
112
658
77
410
597
160
211
860
659
39
379
347
30
623
561
324
41
474
114
38
29
807
810
25
657
718
428
541
466
267
580
850
161
662
5
554
621