287
221
72
14
270
180
247
599
470
111
550
604
298
148
567
619
157
47
848
166
280
847
396
647
90
112
171
412
551
388
722
577
493
603
836
172
791
451
510
536
483
563
192
337
631
743
289
832
685
334
542
526
711
725
271
665
403
828
367
474
829
391
480
584
149
342
110
41
830
525
798
360
624
56
282
712
404
863
140
681
295
206
355
423
500
361
801
815
825
684
546
34
249
521
127
219
484
163
332
642
100
129
167
715
628
16
195
292
307
644
107
175
411
842
116
242
45
772
313
792
117
609
601
61
200
25
472
169
552
776
543
682
868
244
390
106
181
553
98
559
511
788
188
835
513
177
630
71
547
170
498
137
371
662
285
774
197
267
846
466
529
655
782
811
486
721
317
300
277
340
741
22
124
88
545
29
840
697
838
131
272
459
259
814
856
793
190
7
558
424
773
383
627
614
258
222
121
827
522
658
369
738
497
620
336
538
660
33
241
471
160
487
673
8
49
671
324
296
805
23
469
133
605
374
610
641
701
519
176
353
640
60
566
810
775
28
651
310
748
606
569
812
539
212
467
87
468
520
319
136
818
593
608
213
581
179
193
730
132
281
209
537
303
233
327
438
663
448
785
347
288
523
265
727
224
532
796
649
823
161
46
453
452
765
737
101
48
779
433
709
455
153
579
639
740
37
102
126
720
527
860
707
687
370
698
728
55
714
478
704
726
297
821
401
710
43
156
39
870
173
742
74
688
766
40
598
299
58
191
348
32
387
504
291
485
381
393
402
831
615
515
85
1
732
633
580
64
168
30
231
602
822
273
591
154
426
613
634
150
820
574
409
13
408
654
797
442
746
518
306
329
210
178
508
84
183
544
693
323
66
735
358
139
407
703
837
379
731
460
450
119
105
250
503
372
524
54
365
850
236
777
152
91
611
757
564
351
147
274
326
44
431
689
447
229
446
621
225
397
125
395
803
495
833
509
420
186
311
78
809
184
449
751
158
380
302
473
35
363
643
502
490
787
123
506
865
4
389
456
839
315
813
578
755
461
122
441
301
784
505
861
93
10
201
458
858
17
223
373
752
143
309
398
427
585
844
583
786
322
20
6
164
635
94
819
216
517
826
430
366
482
699
625
386
120
341
756
541
799
667
494
556
668
588
808
384
676
141
589
260
99
155
802
418
871
3
855
680
650
595
352
51
843
607
854
394
255
218
679
592
535
82
321
196
597
11
653
694
31
496
96
5
199
264
227
12
405
392
645
198
276
103
724
489
413
15
739
95
421
203
205
86
764
626
573
476
636
702
713
463
677
736
622
356
499
571
339
705
113
36
378
38
118
800
549
217
333
759
612
385
419
769
444
637
531
338
422
53
690
266
226
656
849
207
24
346
790
275
240
700
435