53
576
130
423
313
752
193
717
695
813
262
637
625
265
216
527
747
274
381
215
300
203
9
55
792
536
347
702
546
594
843
641
192
636
868
570
85
677
94
338
259
22
583
698
99
872
614
806
848
386
630
597
405
420
571
768
415
158
721
256
40
510
547
151
592
13
683
114
162
325
28
142
860
530
729
855
252
448
339
163
783
839
667
346
836
577
523
129
177
818
282
844
751
180
665
772
406
723
112
508
16
454
691
397
804
633
209
479
459
519
293
46
373
419
196
89
32
766
145
540
184
539
344
295
93
348
72
857
552
722
168
676
854
700
493
374
359
408
444
461
79
643
411
133
189
399
649
43
64
10
650
517
657
5
651
658
624
564
491
701
534
449
233
601
429
445
15
80
478
426
442
436
62
647
477
123
487
863
393
776
533
351
202
280
201
225
716
333
12
464
389
616
713
388
823
653
784
368
693
447
433
810
621
711
644
375
148
584
132
697
41
345
434
110
628
258
607
371
771
71
171
248
139
799
603
396
565
50
550
197
496
719
316
869
815
781
826
808
538
214
82
543
176
358
335
328
635
556
303
254
861
84
821
737
246
524
526
98
52
243
29
838
108
24
424
638
468
608
18
3
828
17
573
322
586
288
734
754
39
679
518
862
492
394
474
296
654
715
558
109
480
212
642
269
748
318
733
292
777
257
787
395
275
285
290
418
574
634
559
116
831
687
242
20
528
506
219
812
165
341
266
498
458
819
198
349
797
811
63
720
387
356
367
514
807
466
790
364
343
866
779
845
75
598
502
107
147
56
127
222
827
770
432
160
430
684
181
179
846
291
159
54
390
791
794
204
482
646
190
455
640
31
553
494
260
74
105
703
513
149
764
362
336
596
286
755
814
706
136
762
308
765
660
185
125
590
277
206
515
240
404
858
450
350
247
822
137
588
117
582
613
7
220
2
115
305
475
169
572
575
319
655
669
37
437
451
664
251
384
60
800
238
141
120
73
174
659
199
750
330
727
627
774
825
310
681
870
143
465
549
205
463
417
557
213
49
78
718
155
516
585
605
66
537
440
402
118
391
456
829
6
618
740
602
61
138
42
337
8
798
473
778
617
14
398
164
775
95
25
186
756
35
509
416
796
217
568
103
284
30
287
709
578
525
241
512
106
682
21
234
102
182
208
126
307
563
732
867
830
273
548
724
47
320
686
689
851
674
749
704
555
469
299
301
67
223
304
871
589
725
378
561
619
745
372
648
626
207
379
805
422
645
58
739
521
376
400
255
554
529
438
840
332
281
604
809
355
666
435
668
551
470
113
623
541
726
121
441
795
4
746
488
489
152
834
392
699
211
170
270
639
83
688
34
19
369
194
144
146
334
801
414
410
710
27
522
504
789
315
191
453