412
590
663
340
441
154
461
803
57
61
870
430
290
353
159
808
763
160
186
1
188
292
341
604
368
830
735
6
721
424
624
864
115
622
639
443
477
393
100
642
632
859
62
433
293
649
657
784
454
43
42
680
602
746
248
200
508
798
351
562
343
94
323
518
221
3
597
709
483
388
89
378
381
835
582
511
849
280
169
509
37
421
93
451
286
206
273
665
487
490
127
278
621
587
41
480
690
636
635
749
422
697
583
844
184
281
670
737
19
759
157
314
481
386
797
514
827
625
832
163
147
145
144
676
772
236
399
853
183
868
337
578
363
541
524
787
128
682
408
495
382
505
716
645
757
633
364
173
238
296
806
102
662
687
84
496
109
415
843
56
266
581
725
261
753
365
222
384
255
838
816
375
417
817
166
631
506
609
410
442
486
376
212
611
661
121
780
769
138
427
848
307
552
536
76
452
420
104
185
282
535
708
349
567
453
796
776
55
320
162
596
447
768
738
782
335
607
847
463
202
178
49
348
220
752
653
416
502
58
791
507
867
573
471
795
344
156
360
444
404
470
730
626
668
726
233
522
96
139
779
743
774
35
298
580
815
146
83
719
555
91
135
199
191
80
589
700
210
311
51
33
641
246
189
269
571
704
751
53
65
234
748
414
383
484
291
398
44
208
103
756
39
638
72
501
256
826
563
678
863
374
407
544
723
448
22
309
271
192
760
546
52
418
402
810
755
254
260
217
640
294
814
618
458
469
279
570
332
319
392
513
478
264
579
472
438
148
871
380
764
67
325
434
174
781
684
136
25
554
485
32
299
694
133
794
194
251
263
172
866
113
385
629
809
190
860
767
15
637
114
247
405
533
46
90
297
224
231
553
168
788
11
153
493
141
647
149
207
739
699
446
551
26
462
467
137
120
409
805
203
833
605
425
242
327
733
807
283
672
328
468
390
491
593
516
197
143
656
475
685
575
778
38
671
548
865
73
395
306
526
400
391
305
213
540
170
724
689
556
29
36
594
559
223
310
845
489
577
634
836
799
274
457
722
837
300
77
66
243
362
181
308
494
822
744
171
219
377
429
272
150
669
237
10
63
394
850
503
119
216
372
691
359
367
179
322
122
584
667
98
498
713
48
28
696
241
565
23
698
529
321
226
419
789
304
482
345
608
692
831
209
811
785
770
50
765
711
2
227
460
861
75
643
773
312
164
525
155
659
527
313
165
650
710
819
612
252
720
105
666
389
862
316
476
519
792
858
445
177
142
78
117
703
13
228
284
432
869
9
695
474
259
688
379
754
841
727
158
230
167
331
218
12
396
435
318
456
839
329
88
118
267
40
804
615
718
652
193
790
651
201
126
761
714
205
101
112
734
129
550
276
824
616
270
59
834
531
5
517
350
18