281
703
765
699
90
811
259
494
336
238
233
508
122
764
82
677
98
249
372
850
752
671
194
303
597
606
288
309
853
134
371
255
214
367
365
381
774
601
552
376
401
373
271
287
61
490
294
857
242
540
455
748
731
62
538
326
344
442
86
313
661
834
725
619
182
144
298
181
198
331
265
620
613
25
718
751
76
551
100
383
353
19
573
167
208
846
252
262
200
137
243
366
129
293
795
236
847
375
169
112
575
261
150
335
754
820
128
634
600
15
457
184
660
6
422
418
475
52
550
322
320
483
787
387
23
790
319
761
810
684
735
869
580
448
270
332
323
722
438
759
838
72
672
747
702
207
51
312
149
842
843
779
559
478
123
239
407
644
110
693
462
673
398
595
213
103
196
674
856
26
273
96
816
186
566
589
582
512
471
359
682
646
74
58
9
576
195
519
329
579
256
327
797
131
342
4
610
611
248
413
714
328
389
666
535
835
717
190
118
349
113
493
683
785
655
73
114
354
707
809
528
360
588
705
639
817
505
104
54
640
801
268
755
152
337
481
526
18
216
43
636
517
651
775
411
81
416
553
532
148
92
244
686
220
59
603
78
681
369
431
791
211
499
786
562
379
546
177
162
394
542
849
289
556
444
679
399
451
215
706
324
295
404
176
1
642
42
715
311
21
664
533
768
495
308
94
108
851
626
291
605
3
507
423
529
405
557
330
135
66
658
609
687
275
854
419
277
111
229
192
380
727
541
756
503
284
212
432
166
450
615
572
362
564
531
866
429
802
119
101
815
548
513
534
426
713
79
85
340
549
435
77
769
800
11
237
36
297
247
218
290
241
439
518
830
543
813
254
766
205
599
598
269
53
395
364
226
38
628
33
845
420
618
22
67
728
782
570
133
458
871
30
537
650
485
12
406
171
762
560
318
701
729
197
222
510
88
700
625
743
183
276
50
695
712
10
685
631
370
819
776
436
175
863
188
358
746
578
591
443
627
163
219
165
477
719
739
185
83
296
138
139
472
803
840
614
187
368
305
257
45
656
109
608
561
467
44
221
832
545
565
2
758
638
669
569
868
251
120
24
821
228
412
865
403
824
449
445
29
473
516
301
721
587
704
400
310
84
267
799
325
345
738
498
143
823
452
688
424
356
836
408
35
225
624
502
862
734
230
470
500
173
91
736
346
657
446
753
760
514
153
203
468
522
461
260
437
737
630
662
623
140
697
622
723
710
147
784
749
179
180
586
280
396
264
116
464
339
648
777
691
393
788
240
488
773
612
89
159
653
299
304
594
643
633
132
616
361
694
125
745
812
772
663
199
584
414
716
63
425
164
808
347
217
209
397
302
474
678
637
106
352
844
596
870
440
37
574
783
333
232
382
34
189
491
771
46
504
520
155
357