608
296
374
475
700
317
643
726
457
324
607
251
745
826
288
71
435
788
741
673
365
653
11
790
753
121
472
225
480
308
111
482
6
5
716
207
633
813
651
503
354
549
787
702
536
44
691
411
4
662
742
171
514
481
535
149
205
721
186
68
15
634
558
546
720
26
101
343
496
648
277
711
467
596
843
74
89
494
513
698
69
420
363
576
27
868
704
106
407
427
755
754
441
622
533
583
493
45
448
176
718
65
291
686
22
766
683
483
589
395
87
516
66
824
748
832
337
821
70
531
491
846
479
504
692
799
310
763
545
621
269
841
294
196
647
25
278
247
760
213
743
61
678
46
377
717
602
92
845
852
738
168
388
55
63
146
649
773
130
793
701
421
98
185
626
487
848
88
179
370
368
564
293
869
680
727
768
855
615
468
761
285
109
313
641
508
72
739
414
661
91
287
811
789
550
137
301
677
469
432
217
814
118
844
842
859
403
630
415
58
138
282
612
819
853
444
345
10
820
406
181
792
560
705
107
295
139
476
598
628
236
367
357
654
50
730
28
150
352
667
780
816
746
78
865
538
688
822
256
184
379
570
83
765
618
264
19
505
76
429
521
204
263
537
9
208
470
833
271
221
386
744
794
567
164
759
372
329
267
758
202
669
193
238
817
500
222
29
706
870
152
417
157
24
258
96
330
42
609
299
257
140
449
332
122
579
697
0
815
668
43
132
262
523
530
592
490
359
163
557
555
334
529
198
275
260
543
14
512
548
460
373
206
631
177
1
655
532
715
690
162
781
396
67
95
588
426
719
860
804
141
336
637
252
617
31
270
750
645
339
364
585
453
756
439
148
424
156
286
784
99
344
123
658
326
459
518
110
115
54
16
624
810
307
347
684
693
361
21
563
283
486
81
355
409
461
315
728
60
133
541
390
56
525
430
316
188
777
17
713
232
18
834
210
169
568
218
151
434
276
47
499
82
279
259
7
839
289
600
227
290
644
547
732
327
200
128
383
751
280
239
851
38
166
660
249
679
242
729
611
325
872
129
192
33
837
565
311
867
528
436
392
228
864
268
119
635
104
170
466
488
80
593
623
578
241
321
117
41
131
825
197
657
405
265
402
775
212
126
712
284
445
322
838
419
450
735
348
477
51
3
455
134
861
562
144
685
147
380
582
385
509
393
687
338
428
709
762
540
591
376
398
84
292
401
209
86
105
237
159
675
666
235
416
331
389
489
182
801
362
229
478
580
223
443
319
161
351
20
652
248
779
335
791
387
495
64
306
776
484
670
614
399
510
642
231
116
463
682
340
671
328
498
571
724
584
747
774
850
297
863
511
757
862
871
178
442
244
785
676
400
155
659
201
681
226
694
245
829
187
674
30
172
349
422
342
803
620
650
305
183