703
719
2
852
358
215
360
308
694
539
690
667
484
75
381
106
791
766
353
561
853
97
718
559
688
124
272
527
350
828
583
465
670
858
213
754
332
840
469
86
80
296
212
729
783
637
497
388
588
346
630
190
153
395
50
337
500
281
455
15
89
317
241
293
93
182
685
820
92
224
226
787
639
481
20
502
616
743
163
171
371
266
723
687
203
348
99
768
354
271
872
76
335
490
295
365
236
462
410
735
666
396
834
114
796
475
594
72
800
22
695
184
24
854
407
713
188
857
28
727
865
320
294
391
770
868
571
604
831
180
829
523
19
54
167
590
850
402
726
738
164
633
384
543
478
832
716
605
708
222
228
702
66
578
406
221
655
511
558
663
284
408
592
618
434
32
606
805
550
136
278
204
56
318
621
218
117
662
403
449
118
819
177
519
65
374
94
240
598
504
866
514
546
39
363
283
422
115
524
742
382
482
765
860
110
194
359
509
18
26
470
302
622
861
780
642
235
68
4
60
477
483
70
830
127
679
286
563
781
693
701
526
802
721
205
323
496
845
217
208
532
105
17
785
420
98
123
756
427
508
467
624
46
305
112
698
411
300
871
493
289
577
585
376
447
856
669
276
459
111
149
611
759
691
314
668
152
576
586
444
399
560
206
27
602
521
846
580
464
249
692
174
202
431
466
148
36
101
220
88
74
544
761
211
42
156
626
792
253
230
78
495
146
280
309
301
440
689
674
816
62
706
629
389
617
385
755
774
415
696
30
439
601
364
55
423
855
851
844
678
326
44
825
657
793
168
100
108
8
107
758
282
336
658
645
143
380
782
513
653
677
345
264
128
609
486
525
516
595
155
261
196
641
421
357
329
214
507
339
764
69
147
643
328
244
450
638
636
581
435
599
711
21
619
237
773
243
603
648
552
451
398
817
841
680
859
574
573
287
247
91
776
437
777
794
409
103
273
90
333
397
607
347
838
12
129
476
393
299
47
566
810
647
178
257
175
133
0
644
121
762
835
480
250
675
610
13
373
501
292
87
33
51
460
37
311
700
847
452
584
779
161
269
256
804
77
548
125
870
520
270
238
426
613
14
485
375
291
681
150
682
769
784
116
739
448
814
83
316
683
137
671
179
246
145
789
811
744
227
506
686
824
661
549
141
160
837
597
334
589
356
267
35
537
745
322
303
809
547
442
614
361
16
650
596
505
863
366
699
510
651
84
553
654
568
760
23
627
709
231
778
728
239
400
665
419
823
812
132
575
67
757
660
413
438
750
684
772
749
362
429
245
795
265
591
715
279
102
572
390
445
5
312
417
815
225
297
6
538
528
81
275
518
725
790
672
233
200
827
185
268
166
582
229
458
492
404
321
446
377
219
731
640
73
864
869
753
201
38
826
34