250
743
407
94
802
668
588
788
421
653
4
450
189
596
522
681
683
21
603
413
232
640
145
461
376
580
575
778
639
309
856
519
556
810
623
710
744
117
823
208
836
70
185
859
564
43
328
842
350
760
11
772
282
51
260
149
527
236
501
227
510
606
155
67
722
775
445
254
277
394
32
288
121
169
549
485
0
432
399
849
108
598
16
77
460
248
708
607
581
462
759
128
465
657
502
92
107
143
610
90
477
656
230
428
478
783
614
141
611
392
371
691
104
559
48
284
266
547
373
192
645
93
483
755
436
630
805
869
521
576
219
389
727
378
684
19
72
651
244
296
270
632
688
195
196
337
792
535
286
315
434
674
798
820
87
474
642
457
131
194
664
418
332
861
753
216
560
622
40
454
590
59
262
666
78
794
533
712
518
366
538
700
438
716
171
589
484
449
738
658
685
339
17
400
377
655
782
591
97
347
860
261
791
488
807
473
319
466
311
33
268
652
420
787
212
601
91
133
356
429
636
497
600
620
851
306
335
88
781
86
840
480
391
37
152
237
780
717
281
115
353
411
2
507
532
819
134
562
621
728
447
682
374
750
799
758
138
731
866
406
30
242
490
120
52
608
153
821
402
584
548
209
56
166
615
618
252
847
58
225
838
102
71
689
177
213
123
240
812
661
594
276
203
211
42
137
44
273
671
336
767
790
20
459
701
312
558
272
464
410
182
85
253
617
163
340
289
396
771
720
458
593
843
800
825
446
425
427
251
670
25
341
440
217
785
455
304
69
495
578
452
733
746
184
49
50
719
338
113
475
814
654
355
769
837
18
777
739
204
417
274
752
707
310
647
351
34
660
472
8
292
795
68
665
246
352
6
525
249
826
62
844
624
747
101
238
330
27
763
599
38
453
256
415
649
567
342
370
308
500
188
609
106
442
146
498
14
116
493
431
31
305
221
487
387
749
235
183
73
12
390
552
55
693
692
241
742
35
180
327
745
705
159
441
553
295
520
740
98
325
779
54
633
545
326
680
718
168
509
89
854
868
801
643
563
157
154
346
529
334
813
372
504
422
627
46
667
858
105
136
22
416
179
850
604
569
172
233
187
205
96
114
84
150
635
511
540
349
537
176
517
687
174
853
297
706
198
496
713
595
786
333
10
626
513
619
479
715
524
165
662
126
554
307
764
142
815
175
586
65
566
290
259
737
612
672
824
756
403
557
419
294
239
160
789
587
404
711
677
111
267
109
367
862
222
151
690
741
543
380
696
300
280
354
218
577
839
255
63
468
444
439
13
583
568
768
491
726
129
132
384
811
36
164
579
526
550
331
832
514
379
362
397
698
119
382
864
167
663
516
24
806
359
41
45
629
724
776
846
229
375
405
122
357
761
686
190
732
616
265
381