801
143
399
231
605
713
93
625
814
122
815
636
270
88
446
670
854
351
517
796
135
220
290
752
793
537
760
623
684
592
844
182
387
534
597
616
778
322
502
383
445
609
491
711
19
217
438
663
480
715
810
340
452
834
393
709
822
64
841
723
488
812
86
649
675
415
671
665
149
76
162
227
411
646
475
284
573
782
360
591
267
246
118
47
720
289
741
606
833
384
824
187
701
747
250
213
635
802
31
233
242
16
865
785
132
32
467
364
519
581
347
319
183
166
90
235
482
326
10
570
604
327
457
172
294
261
855
514
352
266
456
163
849
493
740
722
89
579
302
503
264
367
211
786
357
598
301
836
497
37
805
251
520
682
436
170
557
698
285
275
731
78
209
53
726
508
495
418
661
255
184
67
813
862
389
553
631
237
620
552
207
185
281
657
312
470
444
361
727
580
159
177
531
758
241
858
129
82
124
7
610
697
96
712
794
451
394
81
751
827
398
743
425
136
522
443
787
262
611
195
634
258
175
708
469
61
23
777
803
155
28
92
437
378
770
311
717
533
188
515
292
40
468
206
164
298
377
15
432
595
77
13
115
192
564
331
194
507
119
647
823
583
145
587
860
178
733
29
637
546
323
578
273
710
238
144
243
476
180
644
618
350
208
742
265
607
847
203
107
513
725
419
703
45
510
75
558
91
157
775
648
866
536
428
473
385
84
792
344
73
348
688
754
839
859
669
549
771
790
110
259
304
39
150
219
20
123
420
300
346
694
484
530
63
0
325
830
388
222
341
837
57
555
355
829
586
656
795
158
673
700
848
152
464
695
440
105
108
750
160
653
402
627
87
359
4
691
421
541
427
506
474
544
68
622
458
556
629
511
293
198
309
165
524
130
439
249
628
835
523
212
288
774
121
498
487
56
869
798
316
268
789
125
659
167
494
139
36
773
499
761
545
156
140
462
864
269
228
435
283
481
102
414
867
18
113
303
588
65
216
585
521
221
234
320
171
80
547
396
603
374
779
335
71
678
417
525
196
594
210
788
757
450
138
112
336
99
453
668
845
677
799
2
441
600
226
50
763
672
593
608
153
800
574
12
58
54
225
94
205
811
287
333
282
314
306
148
202
363
806
738
291
95
449
689
371
769
406
174
372
448
632
426
483
576
714
825
692
724
254
240
500
55
317
126
43
409
147
247
365
821
33
840
133
749
744
626
842
856
104
674
232
807
704
509
526
459
828
224
168
381
131
391
624
512
565
271
59
26
120
863
5
173
280
780
652
666
401
630
83
35
551
719
472
245
62
379
189
72
543
590
408
755
424
843
70
395
260
179
518
718
103
114
324
404
199
106
66
478
376
313
321
296
200
354
696
201
41
745
218
826
193
299
109
702
683
768
176
343
248
337