662
487
427
456
7
38
693
178
477
340
819
122
78
240
294
570
658
327
723
652
452
36
385
519
795
276
164
748
536
692
488
604
562
629
213
502
383
395
388
811
257
657
833
118
146
102
751
272
22
764
732
163
266
17
203
300
659
338
70
545
289
583
370
783
51
500
318
130
335
342
182
66
842
859
716
57
181
742
622
563
270
167
755
117
580
79
638
767
345
42
412
724
123
654
847
311
459
225
53
283
14
483
296
478
24
466
156
316
269
462
446
403
332
749
217
678
799
513
718
28
107
511
830
746
569
336
593
714
414
518
157
227
249
535
87
432
725
810
331
680
89
705
826
400
73
575
298
710
281
544
152
618
759
367
317
397
782
313
256
258
297
207
474
444
198
129
868
850
290
521
673
855
189
706
547
606
97
861
143
172
357
304
836
480
614
733
709
94
287
761
302
226
752
12
148
374
171
439
674
566
101
610
615
348
555
793
437
510
54
315
323
222
481
526
233
417
661
180
31
691
248
187
350
870
744
263
848
599
501
56
453
849
766
33
112
309
820
16
37
262
645
9
95
588
138
325
631
781
457
141
495
183
763
856
237
199
721
538
772
334
821
700
15
832
96
121
365
719
552
82
55
65
394
581
789
634
675
866
299
602
149
160
362
623
568
408
542
319
838
308
863
828
818
529
696
221
378
150
45
358
99
626
18
247
637
158
43
1
47
161
564
105
275
503
515
701
497
210
355
655
790
668
184
131
211
135
757
220
282
851
162
490
720
103
83
111
829
475
726
192
843
379
579
364
71
236
386
512
6
660
715
707
372
363
72
433
507
422
206
498
528
601
841
643
585
212
730
557
405
688
667
409
19
653
175
301
607
139
771
612
603
449
817
116
321
775
113
762
704
785
801
550
479
773
737
238
595
669
242
534
684
624
91
416
458
765
0
291
619
633
577
69
32
470
747
804
533
573
5
823
717
356
375
611
600
201
424
106
484
44
223
605
168
396
541
582
195
520
64
62
436
324
197
815
792
642
419
205
854
869
736
743
808
844
505
188
703
434
29
779
341
465
809
218
320
740
739
493
461
554
60
293
651
598
49
546
805
834
80
347
499
559
597
648
4
196
104
787
10
663
253
339
797
690
641
803
380
377
420
423
800
677
845
8
2
853
67
476
862
63
84
734
328
711
147
469
549
77
578
754
404
491
778
245
486
234
170
840
58
252
750
589
576
98
25
373
689
616
279
166
543
90
176
791
190
153
305
777
609
635
774
398
214
467
463
527
441
239
468
40
349
115
473
560
613
482
858
440
738
415
741
204
702
413
411
530
177
406
760
831
288
786
455
784
685
109
387
442
360
630
68
191
381
451
522
671
260
788
322
208
824
391
590
371
151
219
584
683
76
794
155