572
73
203
867
695
523
505
207
492
44
67
394
360
471
828
436
177
306
407
137
396
808
633
684
416
657
655
276
382
776
866
534
749
636
205
339
316
639
404
164
519
676
5
702
485
91
127
641
713
697
722
242
252
206
723
718
513
219
3
184
667
337
856
222
835
788
585
664
338
439
514
196
322
76
659
839
730
701
420
221
48
531
144
109
211
359
374
286
402
296
209
665
24
825
536
507
235
27
651
443
465
355
50
711
369
114
565
795
691
446
173
460
764
743
584
46
129
848
94
20
567
819
663
8
869
574
593
577
16
729
236
484
101
309
201
35
592
74
454
275
772
601
243
107
428
495
629
134
378
654
314
766
561
818
432
671
153
38
597
477
6
158
97
605
366
341
503
637
31
195
408
683
778
42
610
58
833
855
837
297
65
830
763
715
363
728
669
733
346
738
487
620
560
813
116
712
354
403
501
332
56
218
72
609
40
563
159
12
17
319
247
389
282
806
98
687
542
598
260
335
512
786
13
486
14
594
96
827
860
457
559
732
90
429
459
603
765
750
411
37
237
425
859
62
331
483
781
100
686
295
406
202
57
434
692
15
287
179
291
499
640
412
135
490
265
150
447
476
215
757
304
274
180
310
544
375
10
509
0
679
390
652
400
645
281
468
232
456
92
117
632
479
246
285
174
213
280
69
527
816
130
626
288
840
811
777
362
871
350
210
290
307
156
88
720
268
474
110
223
538
631
377
826
204
169
103
756
327
533
458
618
139
785
754
348
71
780
628
122
398
535
698
161
32
231
194
148
99
467
333
34
189
384
838
376
445
147
357
29
591
241
587
187
1
853
228
11
28
524
217
182
782
638
39
230
564
212
799
391
647
368
239
644
604
870
745
511
301
753
80
707
843
214
256
422
581
315
330
85
586
630
172
480
437
649
300
104
532
47
863
540
737
61
108
589
721
858
515
284
250
802
225
227
497
661
385
551
696
773
379
787
431
758
154
267
448
573
452
224
131
646
248
258
320
566
475
794
185
78
541
751
303
244
823
192
365
588
653
716
138
660
433
779
79
579
463
491
865
272
861
345
118
188
133
543
850
54
854
832
693
361
89
277
451
857
233
82
152
386
302
575
621
105
736
325
349
342
413
149
264
682
734
590
810
128
70
517
401
175
170
546
595
472
323
703
343
831
797
283
805
55
461
798
160
171
60
308
145
155
844
353
68
783
643
464
120
612
9
760
123
51
864
399
714
747
435
427
440
611
717
510
791
393
793
841
670
397
549
634
113
257
4
615
849
814
846
430
740
312
613
617
817
449
266
372
868
623
186
299
63
347
146
741
417
689
706
731
528
200
769
812
7
583
662
259
700
30
426
132
253
668
748
815
22
167
774
381
441
752
755
334