406
513
478
31
488
776
650
289
726
837
40
766
585
507
15
101
621
479
514
334
729
121
13
631
643
661
88
388
684
450
243
666
536
90
658
100
77
696
208
741
52
539
328
426
828
550
408
188
196
500
570
758
30
162
378
675
835
273
431
164
81
184
392
656
454
409
92
460
204
371
699
32
852
11
200
481
508
113
620
728
860
774
869
674
764
819
751
309
588
295
358
311
630
249
755
396
131
235
233
404
168
644
114
10
622
740
352
433
542
374
275
480
647
706
57
222
268
129
681
820
71
156
229
839
721
149
579
560
173
237
217
139
709
853
818
561
193
862
357
823
636
22
511
174
321
18
284
797
557
483
565
714
23
256
143
840
248
470
623
723
194
39
261
863
301
691
123
169
150
705
635
694
746
815
117
601
270
490
313
180
486
566
411
353
165
238
132
324
154
594
761
809
118
538
521
177
332
172
651
38
25
603
604
262
203
83
107
219
215
569
163
46
269
109
175
274
602
320
553
831
296
788
549
414
230
530
128
707
231
692
67
170
872
583
417
70
424
86
441
364
462
167
377
489
688
648
125
401
7
804
429
59
158
690
660
51
198
437
218
777
501
58
451
49
3
157
266
336
493
187
264
762
847
329
465
326
716
617
276
562
422
515
205
461
795
843
670
821
858
363
763
224
593
697
153
120
423
590
20
516
572
305
427
816
419
126
386
838
634
312
668
679
704
589
146
341
857
210
87
9
171
430
366
144
574
181
582
435
469
760
28
455
280
277
45
410
360
736
529
63
308
738
710
598
685
303
391
192
842
737
428
859
436
727
191
641
485
475
759
676
214
718
522
315
122
856
773
206
567
546
525
771
491
405
400
19
770
443
79
825
327
282
592
29
447
871
291
21
344
183
127
350
456
494
518
775
672
845
639
354
41
338
534
346
438
55
119
82
581
805
383
257
543
2
698
611
790
492
234
399
735
587
663
799
576
765
253
300
817
695
145
768
609
259
64
80
74
44
719
615
459
798
317
236
732
148
189
547
677
439
614
783
106
176
96
36
689
91
703
78
803
225
95
708
254
356
223
725
104
556
325
389
535
306
50
558
665
403
482
784
14
65
717
110
245
159
35
793
286
394
103
559
476
381
830
742
307
211
142
537
62
345
575
393
632
487
298
380
376
730
304
197
652
278
446
599
637
316
318
612
390
747
247
757
605
258
528
299
116
629
111
279
272
733
827
505
115
294
686
702
112
365
335
432
361
33
385
640
779
213
348
372
260
209
720
226
290
314
255
84
265
75
848
24
382
151
667
466
781
134
319
93
791
745
452
813
322
496
76
580
540
780
453
140
625
646
464
533
402
288
573
246
833
339
292
201
216
867
811
597
138
608
37
520
434
421
807
531
26
477
355