75
766
345
862
775
263
861
576
642
869
230
301
29
657
383
501
12
810
477
308
14
240
248
46
258
125
321
527
708
379
83
797
138
196
395
254
855
469
288
236
282
150
307
356
249
610
506
662
711
175
548
820
743
472
572
502
551
538
199
191
526
107
695
442
594
817
651
666
658
854
403
342
264
424
174
671
256
67
213
435
66
580
314
294
621
723
373
262
598
749
630
826
856
158
238
140
200
120
116
564
179
438
61
341
399
382
273
427
667
163
569
783
640
529
776
255
376
868
819
261
505
267
796
346
398
643
144
302
187
320
737
563
446
436
409
129
62
246
278
39
232
681
750
188
540
257
773
801
822
386
239
495
286
462
38
545
785
713
616
296
613
87
71
220
319
50
815
748
5
422
550
88
626
494
186
224
792
780
381
821
805
336
99
115
417
197
762
110
694
599
779
741
160
100
627
634
831
13
214
592
216
112
556
872
69
663
133
644
97
371
484
22
134
515
656
279
169
178
463
740
268
354
374
192
759
85
366
17
646
807
496
118
31
242
838
534
149
353
266
2
670
235
558
23
757
827
814
480
777
699
516
265
217
849
181
391
705
552
693
93
870
824
649
604
488
408
297
452
717
605
43
676
486
195
611
474
358
530
15
295
430
521
68
724
843
377
679
455
190
437
412
25
24
557
790
41
470
317
370
58
113
421
503
363
89
290
162
841
590
98
304
456
763
193
850
690
109
871
800
420
584
173
786
159
219
325
459
742
344
114
36
752
244
49
252
668
565
475
300
533
675
771
274
607
846
394
70
520
310
468
180
406
725
491
623
660
588
574
664
837
625
559
402
416
733
568
674
285
410
707
669
489
729
332
636
617
247
701
54
537
337
223
40
595
570
359
864
825
426
176
535
554
335
170
132
755
26
164
210
444
692
227
449
48
514
206
60
698
222
715
518
312
37
553
298
473
685
81
51
362
726
451
546
350
798
566
653
280
672
492
832
585
194
123
481
687
586
443
799
722
127
457
596
328
218
165
360
189
747
686
697
368
735
684
57
464
27
600
791
765
226
77
754
293
275
688
250
91
710
311
620
253
844
732
485
433
229
487
221
208
277
124
781
836
638
361
567
794
400
532
507
575
418
454
744
746
146
601
108
393
578
185
65
352
761
104
645
696
423
560
340
718
365
148
44
407
745
680
73
139
343
327
147
76
509
709
847
587
338
389
793
272
35
479
450
413
78
727
161
736
1
808
271
483
845
476
655
445
155
860
16
677
276
198
306
243
233
128
52
602
789
571
136
405
72
544
823
318
21
606
90
848
700
166
867
309
493
151
591
555
30
478
628
168
411
388
390
652
804
863
434
56
612
351
260
333
212
631
603
202
121
767
33
704
269
326
215
703
137
106
453