831
237
265
633
463
396
545
871
111
101
152
515
281
522
423
721
645
402
305
556
220
264
50
469
78
358
175
465
12
635
394
375
780
366
725
75
740
631
837
702
864
858
20
276
173
7
410
350
682
597
295
80
229
252
586
337
87
279
627
479
867
764
747
621
174
443
8
391
605
722
55
848
405
289
81
524
471
803
62
392
172
35
250
137
773
225
311
352
618
257
167
697
591
797
447
872
666
526
109
98
93
437
135
140
817
362
367
290
658
535
784
587
733
779
22
19
191
720
582
77
151
39
751
424
355
574
694
283
357
117
343
649
555
31
378
766
294
414
559
606
716
190
640
756
714
32
646
829
536
673
809
531
258
166
351
854
632
481
334
474
464
495
664
297
814
554
339
482
703
603
827
440
832
303
523
692
656
533
6
193
557
724
359
598
707
450
428
783
214
325
530
731
94
473
370
575
390
205
610
361
52
785
330
503
349
584
498
345
201
60
36
509
745
704
346
653
285
199
381
284
602
133
674
113
144
735
89
304
380
374
393
59
614
500
581
683
433
768
119
434
112
615
313
577
743
684
272
185
537
686
168
497
103
461
395
715
3
296
798
687
732
72
794
494
585
525
254
638
18
259
532
516
604
420
209
551
499
788
718
65
218
616
4
228
583
805
519
198
73
13
815
176
96
534
834
813
383
292
870
275
143
192
263
280
178
643
563
171
354
17
397
102
71
677
691
681
723
426
104
344
508
608
243
823
459
189
363
28
594
340
504
286
338
291
441
226
462
701
406
373
816
636
668
332
231
124
148
219
30
571
800
182
29
754
655
348
700
125
492
600
580
765
40
213
709
23
76
862
253
127
301
568
775
153
869
824
726
850
728
164
121
161
419
177
662
369
234
860
708
310
376
335
302
802
729
307
403
736
235
512
654
451
763
510
74
819
64
149
110
446
210
811
215
841
657
430
427
458
629
11
436
69
106
266
820
163
256
197
830
804
607
449
57
293
680
698
157
230
489
561
566
659
86
21
432
312
477
202
826
248
592
399
413
857
131
162
114
320
825
221
573
845
99
507
207
126
777
717
387
737
47
452
807
67
38
776
26
601
34
588
739
236
838
317
611
517
244
70
48
543
134
211
480
165
241
486
224
288
181
123
429
255
46
476
277
818
58
542
712
749
626
514
799
364
520
442
27
300
44
856
356
528
853
299
541
661
859
136
385
239
647
187
609
242
490
222
16
83
308
620
570
409
438
855
547
92
377
273
195
287
562
483
796
223
448
544
589
865
368
147
194
132
496
188
505
501
25
753
578
84
667
247
33
475
82
672
159
91
760
455
637
262
246
552
274
593
382
411
407
521
314
97
688
316
801
706
63
138
260
527
278
408
828
793
43
485
690
321
139
748
625