465
839
811
743
323
600
295
543
577
198
795
276
21
708
330
627
270
47
408
858
799
722
697
97
427
61
331
173
793
636
236
848
529
206
424
99
124
301
604
52
630
84
383
219
581
409
429
509
728
46
113
489
716
189
857
15
678
606
675
0
134
388
845
34
346
239
502
468
701
185
432
208
62
723
767
515
223
431
244
654
842
686
456
93
411
573
665
82
89
821
764
320
332
452
20
279
390
691
339
558
503
608
168
347
204
744
463
402
152
207
176
718
133
602
486
281
803
669
179
497
174
614
537
290
458
546
318
415
734
572
582
841
533
474
115
110
864
357
10
492
782
65
476
733
147
758
325
644
233
387
487
687
263
510
462
274
165
576
418
254
384
137
17
341
740
754
275
3
457
461
809
796
692
11
322
288
283
713
259
302
628
305
514
186
268
71
814
379
579
266
483
564
702
760
526
859
622
828
169
131
849
826
291
395
528
269
224
127
166
214
8
261
175
73
805
202
220
555
2
861
846
386
485
197
730
611
25
315
574
187
668
286
736
385
422
250
679
578
112
404
192
132
359
856
847
5
121
862
336
242
820
682
36
96
860
538
380
278
234
670
613
360
209
68
448
703
35
79
641
324
450
149
314
294
840
647
835
109
90
69
540
714
28
475
724
601
193
161
756
358
50
203
772
430
265
565
599
442
211
352
732
200
33
401
277
392
362
852
674
60
827
63
329
199
501
67
511
361
135
652
749
544
300
297
629
610
680
229
264
22
869
773
719
40
232
768
704
426
595
435
747
434
757
222
625
29
870
741
631
94
586
227
407
414
507
779
221
111
788
638
258
24
303
319
333
80
356
689
616
563
373
688
798
27
196
353
287
419
459
75
605
583
771
513
397
808
598
428
615
183
750
145
260
285
271
107
41
391
780
292
818
762
833
635
262
791
580
745
650
136
327
151
393
247
685
72
850
707
101
156
500
164
81
512
566
114
375
755
784
45
748
376
410
123
243
552
790
735
731
493
423
9
19
806
42
272
506
478
726
673
488
494
368
677
26
354
774
662
521
589
389
535
167
645
634
801
128
717
642
570
155
454
180
437
781
32
309
159
710
44
225
477
212
172
366
74
617
523
765
316
284
667
92
481
490
255
201
257
163
698
491
556
400
345
54
416
381
851
817
525
382
761
694
620
252
51
855
759
117
55
863
553
350
256
626
567
816
541
464
141
518
343
663
12
472
592
653
125
118
443
241
190
482
671
181
399
660
78
504
59
786
623
95
657
248
547
496
621
139
237
43
536
282
4
619
554
522
727
130
403
684
178
683
810
596
440
195
480
342
711
699
228
633
593
433
715
844
470
775
469
142
364
531
371
102
213
231
866
349
661
116
162
1
520
439
436
854
267
868
311
251