198
48
747
781
832
216
851
255
787
477
226
662
348
139
408
467
215
814
301
17
327
282
302
24
404
250
451
603
308
11
545
165
659
5
593
638
694
307
114
44
106
357
768
783
568
241
569
597
745
223
182
752
166
834
748
630
101
124
729
605
534
639
793
209
50
97
221
195
830
434
663
238
385
234
585
504
706
570
340
384
628
845
289
778
224
625
164
582
117
305
259
260
159
520
217
242
71
684
751
109
92
401
125
519
196
225
130
102
682
613
66
339
243
200
823
394
558
335
871
137
369
414
145
54
148
64
687
588
446
274
499
852
377
540
207
492
556
300
671
771
248
565
41
844
295
774
136
80
493
316
817
522
691
35
644
33
594
479
641
204
88
427
77
866
49
794
713
862
12
721
858
422
128
515
46
634
6
530
162
322
743
191
696
188
110
59
186
268
863
399
107
344
615
119
665
368
187
760
711
28
311
72
661
459
315
756
478
214
469
765
93
288
219
455
176
228
265
693
655
190
129
410
126
790
590
69
34
766
527
598
518
183
429
273
528
413
710
486
178
601
839
620
330
231
538
719
473
15
631
90
201
374
583
546
656
156
445
723
442
739
0
629
677
76
14
42
848
280
764
392
784
202
435
284
382
449
822
600
235
271
379
506
405
309
498
571
650
292
496
482
491
854
485
121
476
804
488
161
544
25
416
448
833
860
381
548
762
843
372
560
351
535
79
716
237
396
74
387
366
589
542
433
383
759
637
304
531
415
63
740
586
294
426
400
795
29
470
616
122
267
749
115
21
43
829
402
218
494
111
154
293
10
547
286
380
275
796
457
596
375
674
670
367
208
310
314
602
653
251
431
153
660
718
345
30
179
782
824
398
495
376
855
532
412
325
791
342
171
167
439
712
146
134
581
872
507
654
222
452
112
312
511
247
193
441
155
458
809
388
421
205
856
461
730
62
269
676
811
135
149
95
668
500
870
19
227
689
464
709
788
364
347
26
105
395
359
390
262
555
868
321
32
474
100
525
502
800
722
133
513
175
334
633
624
647
18
276
22
123
420
108
229
360
732
417
463
85
611
419
437
702
89
717
174
704
750
799
239
16
733
573
770
298
645
758
213
466
836
278
700
543
151
53
397
769
230
808
698
815
180
551
708
331
577
579
853
13
619
847
567
857
362
574
297
484
430
203
609
539
56
697
389
462
803
116
425
333
757
779
127
199
232
816
113
553
521
807
632
559
512
621
158
81
651
57
256
841
825
91
436
328
173
258
313
150
614
592
737
819
744
391
169
406
254
786
94
753
438
869
734
612
742
61
465
9
279
865
8
319
456
354
672
287
185
147
70
306
356
332
669
642
610
827
104
444
685
336
393
378
39
370
355
536
861
47
168
40
798
68
690
211