410
216
34
313
368
671
88
218
678
435
317
483
200
440
45
793
287
668
441
320
721
797
270
163
371
773
429
432
822
649
744
465
737
355
656
267
370
229
457
727
748
697
280
415
299
712
117
205
815
711
464
732
813
388
494
141
22
726
831
360
481
670
460
657
93
281
463
261
402
253
540
607
600
324
187
293
63
514
291
563
225
318
693
186
758
470
214
409
615
765
114
125
28
241
686
567
829
583
794
135
8
669
133
592
479
336
581
754
203
95
736
780
47
482
271
529
257
596
138
698
767
742
53
593
433
648
140
242
444
414
332
367
89
706
66
68
189
112
605
775
335
619
817
345
594
763
636
620
51
515
123
354
84
538
819
747
212
557
828
842
38
492
319
124
658
525
484
826
852
485
295
426
439
282
279
451
447
524
430
390
238
101
644
745
151
616
528
835
519
455
752
393
569
864
467
539
478
701
458
577
751
122
673
610
171
55
85
782
10
667
361
825
628
523
582
374
684
602
406
714
174
215
65
165
1
175
421
383
655
338
436
609
691
145
639
556
743
263
456
385
635
682
92
337
404
182
718
252
399
162
870
416
346
473
595
572
613
339
154
630
260
382
27
43
707
96
837
454
733
420
40
64
689
30
783
499
760
709
309
173
591
622
276
486
91
498
356
787
7
77
161
770
341
44
574
683
284
501
647
144
823
248
244
764
312
0
532
664
552
119
858
590
694
806
300
41
830
641
846
589
558
805
725
419
731
603
568
126
632
509
490
292
118
561
25
97
848
651
254
614
537
288
42
349
166
148
653
262
6
401
400
445
553
413
67
389
222
227
443
275
475
269
681
104
49
294
579
497
147
650
328
504
59
206
179
209
310
256
821
83
626
102
71
16
110
379
778
588
9
81
756
80
168
344
103
196
715
624
424
323
728
343
192
449
598
839
240
518
708
762
277
739
425
702
86
516
704
802
768
816
427
113
384
862
450
353
571
231
422
167
446
637
195
233
838
638
612
834
738
193
226
352
680
766
210
621
181
172
808
100
800
779
502
790
31
640
129
418
403
412
342
327
521
560
597
866
245
70
859
250
833
679
750
517
190
534
867
719
33
527
801
510
685
811
251
398
265
491
105
462
710
350
362
73
121
23
264
781
769
533
466
21
753
541
555
363
452
677
207
278
13
158
366
372
722
56
377
703
78
824
235
273
526
841
164
785
734
274
634
690
19
472
146
695
536
325
211
720
109
391
511
62
746
29
208
37
137
266
407
94
46
687
39
564
495
194
799
761
20
575
326
286
373
855
796
308
236
692
611
871
128
392
849
230
111
285
749
272
868
856
730
60
688
394
255
134
180
127
219
334
818
381
646
249
156
397
268
617
487
202
26
108
87
606
411
331
90
788
566
488
729