709
191
676
749
658
266
560
381
350
11
788
320
218
794
57
363
190
329
701
813
588
487
334
253
405
783
482
804
408
150
764
620
492
250
464
685
94
633
93
469
416
822
46
843
751
112
228
200
603
506
859
716
315
668
537
672
297
384
448
105
422
779
811
520
573
337
127
391
666
455
450
821
461
483
65
82
805
281
121
115
100
48
149
1
128
295
117
758
227
164
163
762
55
340
331
738
194
486
601
351
406
135
28
526
611
219
476
223
388
288
181
129
442
832
667
371
124
325
4
627
15
61
823
201
532
791
307
356
552
723
10
13
826
700
187
101
140
348
677
301
518
232
385
177
5
167
770
785
435
865
277
634
786
717
98
563
299
367
780
871
802
759
132
206
20
6
753
403
845
869
207
798
710
421
612
370
19
418
251
558
52
161
760
99
413
311
847
278
765
694
159
596
523
58
166
807
437
699
576
16
505
494
59
209
189
663
122
856
801
294
270
872
686
353
138
26
708
657
433
542
79
690
554
215
286
346
423
233
8
152
44
790
143
508
64
577
787
76
239
531
824
258
589
584
793
37
171
704
837
176
766
852
341
493
204
184
427
623
593
556
810
436
653
156
812
444
541
638
818
475
687
293
130
247
497
540
671
844
14
471
820
613
619
25
342
863
241
640
355
274
695
816
660
446
202
662
705
548
855
38
744
380
136
51
393
858
468
106
31
213
63
761
792
585
352
174
220
240
594
372
501
605
183
624
440
33
173
198
110
339
489
729
509
271
515
861
359
212
679
426
197
727
734
376
737
443
259
512
688
354
485
264
119
7
595
42
661
326
696
249
415
30
18
87
462
565
715
396
456
114
726
349
74
591
41
280
12
743
641
741
47
306
178
118
750
795
303
628
113
234
276
550
784
600
457
610
553
782
319
636
81
22
86
304
243
402
645
96
776
533
465
736
260
578
625
587
291
225
95
103
639
447
172
24
324
635
272
314
60
481
644
279
226
524
269
330
217
214
273
120
92
246
637
116
836
529
310
539
248
580
538
338
285
62
441
401
478
597
449
522
53
262
846
752
451
747
154
561
289
514
484
229
397
368
111
731
720
453
236
155
851
491
806
322
454
362
680
365
216
703
298
555
179
647
777
382
815
592
40
763
528
378
458
283
825
754
263
745
335
32
629
34
773
68
665
527
417
510
706
604
669
235
543
133
866
574
192
257
781
210
313
568
850
572
252
648
360
88
411
107
358
830
394
467
175
495
70
502
714
646
373
54
768
654
797
521
500
160
721
203
328
775
142
608
123
193
146
23
769
27
513
474
211
230
507
90
318
238
864
697
296
504
366
434
622
712
97
809
547
817
466
490
77
702
347
332
333
848
139
196
683
244
78
615
361
383
839
431
582
66
673