360
632
602
409
776
223
871
372
249
663
814
133
861
609
677
431
375
359
106
377
245
241
389
28
22
336
257
134
651
481
0
585
44
128
530
798
59
819
785
811
388
4
459
322
525
154
680
41
825
590
20
777
511
546
418
233
536
12
767
298
167
116
171
454
49
172
507
97
476
806
477
56
179
704
524
706
736
789
794
535
820
84
139
259
583
496
538
429
136
630
516
754
374
696
301
26
304
768
349
800
729
207
739
282
125
227
151
853
489
102
532
141
161
468
142
857
514
444
92
617
727
144
761
355
452
513
595
792
779
146
240
382
596
358
512
675
286
175
492
290
333
865
251
232
110
340
276
543
531
402
14
834
584
354
529
195
745
601
326
445
343
488
107
131
421
508
42
265
572
597
870
50
87
748
23
90
250
809
310
833
63
426
470
254
618
312
201
348
13
485
145
718
115
94
752
313
615
371
472
108
281
311
307
203
491
551
413
258
624
859
860
6
576
386
247
664
219
505
750
623
555
808
185
591
603
822
850
347
198
8
684
760
40
778
449
797
192
613
248
793
441
373
5
350
60
58
737
325
764
542
795
317
550
62
378
183
67
827
226
305
612
687
309
790
184
170
570
35
88
376
502
821
10
450
465
586
119
518
284
334
674
823
224
288
639
327
506
840
838
395
244
53
186
690
143
118
759
264
163
594
849
80
756
344
673
743
229
848
342
222
628
497
604
549
303
96
399
653
527
515
863
404
135
548
269
9
526
366
408
561
1
522
749
68
735
606
316
129
121
415
717
384
703
439
29
791
667
665
805
698
464
380
255
270
140
679
719
291
695
181
671
211
370
64
252
292
217
683
697
599
844
72
308
655
556
499
846
589
478
702
782
608
563
11
831
517
321
498
315
76
460
520
700
862
486
246
772
150
649
204
278
295
463
30
356
47
103
457
220
830
101
287
24
786
716
57
469
765
46
7
689
419
807
763
669
565
174
824
740
168
659
433
661
634
493
681
646
228
111
283
744
867
741
236
32
753
78
306
467
25
841
568
337
579
216
434
672
711
858
633
66
640
537
483
314
300
235
210
234
554
71
642
215
509
580
261
714
120
267
345
622
654
231
19
635
329
815
726
212
471
411
200
715
705
447
405
557
352
662
153
65
239
693
21
275
406
221
801
832
214
456
540
803
804
558
178
734
289
427
607
610
775
81
391
109
75
157
575
605
766
238
442
218
37
692
713
721
268
724
187
31
117
694
813
137
547
627
641
205
545
379
783
636
173
500
519
271
61
699
420
733
448
621
302
166
451
320
676
686
425
396
193
818
328
757
330
614
652
381
188
156
126
644
280
407
504
436
353
54
176
297
462
501
346
160
417
541
732
747
17
503
158
387
691
148
412
3
260
262
581
620