380
288
117
335
734
556
470
690
566
836
382
310
676
634
559
408
389
473
271
664
531
669
186
167
808
474
499
54
453
276
687
233
764
302
841
576
546
844
144
435
540
807
724
437
741
277
805
606
588
318
532
714
285
596
240
538
774
222
212
849
571
675
195
501
367
70
713
391
666
862
859
78
745
706
434
69
597
425
561
750
342
613
817
76
523
511
414
316
90
79
746
86
406
602
253
103
488
590
628
34
489
458
787
72
871
67
673
396
120
520
738
143
527
736
3
424
854
291
273
357
479
537
468
40
175
247
416
321
413
259
757
567
601
665
299
496
607
626
760
102
487
207
536
23
369
47
319
429
815
363
46
693
674
833
689
284
645
399
317
796
463
297
275
242
245
337
847
819
624
485
864
837
767
794
37
696
811
530
300
686
0
482
517
428
515
88
33
431
44
851
572
368
492
49
820
323
409
292
444
116
258
41
726
107
661
29
236
783
8
216
199
172
15
68
6
872
328
221
636
518
338
430
826
139
217
555
614
580
462
747
356
812
2
290
827
700
334
619
467
127
386
169
420
45
684
131
806
97
552
201
795
388
257
213
125
865
405
587
344
228
362
682
85
219
651
57
513
715
657
454
94
450
330
593
718
839
868
374
170
455
91
648
402
109
215
141
422
58
782
549
255
719
193
331
19
350
568
615
525
799
748
652
239
191
554
846
729
478
183
432
500
140
857
772
407
268
161
616
403
246
739
731
419
447
303
863
797
753
371
162
64
234
495
180
31
354
346
834
813
522
250
336
829
21
312
629
503
579
282
436
784
654
100
25
204
48
475
497
262
339
439
542
372
10
274
393
320
685
781
104
111
553
776
209
643
494
644
164
132
56
138
286
121
75
59
710
581
655
825
457
260
800
60
848
526
313
184
510
387
80
124
73
599
711
735
84
87
309
52
835
210
401
12
263
345
98
256
705
211
662
671
742
802
53
759
823
24
845
560
649
119
106
545
672
459
699
620
707
145
498
756
278
656
604
16
535
481
410
583
869
214
5
769
324
610
248
381
190
306
472
38
723
159
322
755
480
26
647
639
411
307
373
134
477
442
9
838
548
490
761
32
243
266
415
855
327
370
360
304
592
591
17
565
821
96
680
688
822
524
695
238
790
502
152
765
512
623
71
521
200
206
860
598
157
843
352
43
254
61
486
158
749
129
801
493
329
128
789
506
632
341
301
142
791
589
586
529
377
631
451
390
251
732
294
147
725
850
773
668
293
82
608
858
351
505
814
443
793
166
570
261
852
717
347
118
659
305
641
77
754
594
394
577
740
573
27
697
155
30
611
840
340
168
683
563
544
7
638
203
650
311
287
295
392
730
575
179
421
818
51
461
35
417
491
677
4
798
343
810
476
469