499
133
621
374
727
698
149
616
72
774
358
445
837
249
432
278
764
744
640
843
662
236
792
277
355
25
257
746
824
789
364
29
219
494
196
579
268
263
440
362
78
548
35
233
803
223
654
682
81
707
739
617
835
487
131
825
869
31
266
768
184
452
483
469
597
188
168
475
648
781
169
700
715
341
293
352
834
639
329
563
110
94
759
97
252
867
724
795
161
87
93
642
431
518
812
408
423
280
809
491
538
580
61
380
464
852
692
507
376
637
322
716
433
543
831
506
671
650
567
424
238
450
65
85
800
578
772
273
557
304
618
485
165
624
114
6
43
115
301
453
245
435
42
553
248
533
589
607
704
0
411
267
98
175
375
647
109
392
382
142
323
550
202
755
644
26
154
357
515
214
369
174
413
24
470
299
417
90
438
592
695
241
55
750
593
838
52
477
240
723
472
600
804
501
437
141
365
185
334
717
218
608
46
738
419
742
73
471
684
284
612
234
378
67
307
339
319
680
851
119
36
620
773
80
66
158
102
558
868
556
770
180
368
537
547
349
195
696
429
850
209
562
151
311
310
603
205
611
451
677
430
811
467
23
614
117
324
201
330
444
96
171
786
106
447
9
711
340
53
177
787
822
62
473
153
767
125
387
145
691
8
780
720
810
474
379
849
666
120
745
208
584
757
60
183
84
609
583
818
112
560
668
182
135
457
326
636
606
513
38
327
461
817
314
39
124
674
134
256
75
788
569
54
536
346
56
848
294
220
41
565
760
459
187
49
678
625
534
555
22
212
847
856
409
28
626
400
100
651
622
15
685
734
703
443
468
638
244
646
30
595
40
121
823
551
283
422
428
274
798
126
463
354
347
523
270
227
448
166
652
170
306
532
561
64
605
27
71
763
574
828
581
203
221
535
389
740
821
465
206
615
493
449
160
630
140
733
769
610
426
870
498
191
194
391
766
118
288
83
172
628
48
4
235
694
308
779
455
287
427
88
778
211
729
13
751
801
832
383
661
68
197
601
599
186
687
225
139
157
481
255
480
826
701
5
178
7
260
490
683
829
59
82
520
492
63
198
390
845
588
758
77
462
410
858
393
356
783
559
272
394
279
665
290
122
575
300
250
162
836
276
598
421
328
344
3
385
262
495
231
799
69
336
531
95
514
246
228
113
107
111
554
871
381
79
167
486
689
863
143
439
790
101
632
359
697
222
564
502
529
446
105
571
179
629
156
337
138
396
688
163
32
771
784
489
844
397
361
147
754
815
728
526
418
806
281
539
370
664
315
373
814
649
732
12
237
842
504
775
425
217
216
712
602
456
865
229
407
173
199
130
785
860
488
512
805
736
312
99
681
189
525
864
412
718
144
386
150
546
587
215
247
527
360
19
872
655
230
190
820
762