47
312
148
564
65
637
438
186
205
855
268
163
43
817
162
325
694
864
288
333
664
70
417
289
111
622
627
258
722
189
271
743
153
364
219
657
128
252
383
316
630
781
525
634
510
396
12
197
457
813
236
365
144
815
684
60
250
302
222
775
134
573
2
378
575
803
721
22
701
551
526
310
346
143
644
370
552
434
530
854
372
454
202
190
838
521
244
406
695
331
51
75
686
461
152
861
297
48
539
748
327
754
278
298
335
497
350
265
663
660
600
650
808
61
388
368
853
392
463
777
15
164
615
471
374
444
175
87
397
141
689
100
604
727
209
385
652
477
470
118
519
414
609
235
547
285
200
387
151
30
130
29
460
307
85
542
768
588
572
755
339
795
669
379
1
114
666
476
46
129
239
851
326
354
822
413
115
137
393
770
544
797
731
453
656
147
844
584
23
352
295
486
101
468
89
848
178
865
831
554
90
658
91
337
631
647
776
76
742
400
581
597
557
670
345
199
661
710
93
317
9
306
376
174
779
348
382
217
198
792
598
447
123
7
806
747
529
500
499
475
714
68
607
567
169
329
522
410
811
64
277
503
794
729
823
869
617
213
778
480
715
401
229
273
377
165
428
716
799
860
69
593
560
264
0
107
6
837
782
267
14
284
66
568
761
842
150
829
462
109
642
149
628
96
482
706
814
435
762
113
494
196
517
841
616
39
214
181
655
282
122
518
133
763
249
730
810
718
653
367
867
57
487
375
230
74
827
737
266
283
786
625
208
603
33
420
741
314
870
347
709
498
645
408
565
448
158
491
35
590
485
508
432
77
59
450
160
659
574
313
253
523
490
672
81
21
182
156
550
569
20
704
671
719
767
358
183
483
576
493
351
688
18
821
83
633
520
599
45
210
371
125
84
641
629
516
429
828
322
4
203
319
668
216
336
856
140
611
839
662
753
549
206
294
578
469
92
774
394
702
88
541
601
431
446
71
484
343
399
555
528
120
537
824
826
276
859
324
398
31
692
204
577
527
646
103
58
769
640
105
359
320
612
255
835
636
451
744
787
79
41
546
303
624
180
538
155
796
807
717
184
805
63
72
535
161
357
756
44
418
866
531
355
356
407
11
405
745
240
679
296
759
395
176
402
466
685
595
632
608
738
94
168
232
693
305
97
16
791
532
711
106
126
505
373
270
231
587
145
330
832
654
274
502
10
179
177
639
237
247
683
746
780
415
53
788
259
13
868
36
146
224
309
728
119
290
108
341
292
680
472
215
513
426
760
561
610
27
25
112
173
698
515
501
459
556
269
386
559
256
99
300
218
241
840
614
226
621
132
545
82
703
514
279
705
363
304
411
566
773
467
512
233
732
159
194
626
820
772
127
804
649
553
691
674
254
28
412
8
286
443