744
720
569
511
642
530
19
649
865
219
546
727
661
537
445
477
864
547
539
489
793
471
484
682
71
662
404
391
96
117
231
147
558
320
199
506
230
99
266
620
476
303
732
678
563
358
148
648
518
710
870
62
298
138
778
270
764
349
151
87
469
351
632
132
597
143
180
853
265
656
84
8
608
847
838
416
698
307
54
501
383
716
32
221
243
31
766
462
617
50
403
493
557
635
512
751
25
285
762
745
478
742
76
217
841
321
644
406
154
428
184
381
444
361
214
627
556
323
827
728
659
189
21
201
760
244
163
280
613
668
658
487
394
752
264
849
578
316
66
503
690
789
811
637
831
415
352
374
61
365
211
706
629
592
684
657
626
283
809
639
122
800
456
609
240
412
782
573
363
370
797
437
810
317
730
726
654
854
707
360
542
714
703
796
171
259
119
256
121
306
281
368
715
69
288
97
7
418
623
42
407
757
318
310
247
696
410
431
372
102
448
357
545
202
485
355
75
723
421
675
133
611
774
693
862
647
840
343
40
123
472
667
488
821
70
479
376
389
622
568
508
585
520
740
718
420
591
769
467
423
239
105
267
314
664
53
5
519
548
466
65
436
610
346
502
110
140
775
277
691
126
868
446
411
817
44
78
55
95
224
354
291
680
765
205
816
869
258
449
104
692
439
333
345
68
373
145
242
287
837
424
754
636
77
748
28
861
156
509
209
79
204
676
550
695
823
222
128
640
36
510
379
324
533
576
80
308
825
409
6
293
855
559
278
2
131
168
248
584
181
393
238
115
829
93
582
858
282
818
3
595
179
848
602
294
839
206
819
432
263
158
279
172
646
236
344
589
822
590
302
523
571
38
250
397
366
382
737
567
517
709
142
759
450
660
733
72
663
103
235
13
134
741
697
621
491
717
290
614
135
526
612
794
60
499
616
395
749
408
722
268
798
496
633
274
43
465
473
483
867
604
276
470
650
495
198
607
20
541
233
844
860
125
56
175
286
218
362
269
296
791
46
63
137
49
4
367
772
341
583
779
785
33
734
685
347
190
788
579
494
157
747
856
330
468
655
525
645
581
515
300
159
704
22
353
246
534
254
167
808
755
575
380
24
390
39
208
312
505
594
332
475
187
127
322
402
101
144
832
94
241
252
504
447
790
118
457
830
130
802
315
736
89
441
524
429
342
414
215
207
631
92
795
385
480
129
359
173
59
114
835
670
262
725
605
565
335
482
628
120
73
11
111
544
136
253
48
160
824
422
369
601
708
14
348
694
188
833
606
435
843
430
452
178
319
311
112
161
228
196
679
516
331
388
729
35
29
461
364
857
227
699
570
162
464
551
842
490
1
106
339
799
786
213
705
780
434
334
325
378
866
169
587
177
521
257
194
170
377
719
721