17
107
156
705
658
379
654
300
194
51
365
132
546
870
223
611
486
630
695
247
272
599
660
871
416
208
539
395
744
8
448
87
669
412
688
115
648
707
34
474
136
432
396
786
336
761
664
347
44
746
90
842
254
533
5
457
137
160
55
609
573
844
86
500
292
589
101
190
421
481
318
414
704
97
498
606
471
293
499
820
419
788
639
550
755
488
335
418
828
685
668
240
451
756
858
238
813
829
3
385
420
436
148
612
33
225
531
679
65
558
662
752
736
306
159
839
601
9
559
71
731
462
64
584
267
460
633
517
776
402
109
521
142
182
810
563
243
859
340
170
315
690
678
443
750
131
400
161
433
346
741
350
686
72
408
88
172
134
574
578
330
106
314
806
867
800
635
811
518
215
816
15
184
644
127
453
650
78
783
493
524
824
712
489
869
317
438
150
691
345
211
229
700
352
727
378
276
790
285
850
167
680
192
234
646
59
74
32
802
826
27
708
735
175
672
89
370
329
617
289
197
119
758
368
6
456
58
224
747
575
62
337
388
734
445
624
371
651
258
567
556
374
321
458
709
435
391
307
665
176
269
239
377
647
497
40
868
835
122
605
579
645
673
96
470
171
468
681
29
359
792
830
47
153
748
698
415
383
259
501
209
311
754
186
446
367
572
837
444
2
83
316
442
221
623
228
298
847
19
643
821
305
344
222
553
467
66
450
725
777
392
118
120
621
487
207
548
260
139
295
80
634
561
861
554
475
807
413
185
465
423
483
281
513
440
570
54
853
81
585
726
637
99
509
256
855
715
114
241
604
426
398
155
216
328
608
362
162
193
818
195
636
404
743
649
23
661
79
506
706
43
232
701
126
70
532
671
270
642
291
262
196
301
94
490
253
168
157
477
595
854
152
187
781
593
796
537
268
387
817
189
491
749
652
480
675
823
233
782
103
405
737
670
538
322
560
135
52
204
357
342
380
50
863
653
742
287
812
655
138
37
482
780
140
866
75
427
422
163
177
26
174
622
627
290
41
282
45
213
502
569
794
302
530
846
203
836
12
797
133
255
169
245
687
68
508
299
263
714
145
815
588
592
39
180
851
831
765
409
447
274
363
597
784
11
143
751
862
84
105
773
399
618
557
684
82
266
819
1
146
425
723
154
738
164
619
13
716
85
111
200
165
610
93
116
102
580
472
544
787
375
719
536
244
199
226
284
739
581
514
469
710
104
439
625
220
310
768
496
834
382
454
464
324
657
791
699
766
349
113
770
484
772
793
227
246
235
775
339
503
117
677
397
461
309
504
547
852
393
110
334
431
759
158
188
459
73
76
541
728
814
476
492
510
494
303
265
779
689
843
327
452
629
582
7
841
381
100
249
173
838
333
745
275
505
331
789
277
613
603
144