685
61
714
665
496
638
651
191
169
620
617
279
264
67
477
625
128
122
268
5
231
624
404
826
493
443
765
81
553
558
250
743
120
407
212
8
723
400
839
841
693
125
519
688
538
159
849
430
283
361
834
459
378
419
57
819
816
147
715
412
757
695
27
164
618
211
69
635
786
611
115
811
754
773
727
396
610
343
474
107
793
649
153
296
854
73
444
117
275
11
615
391
490
606
360
415
678
822
741
576
47
124
9
492
740
549
456
267
186
779
414
398
746
676
423
371
289
356
339
263
848
758
145
609
753
791
232
734
647
520
244
23
857
464
762
426
583
21
717
853
846
26
574
292
273
871
724
716
868
470
641
64
458
335
142
427
603
568
310
797
472
40
421
488
462
271
503
645
197
859
756
420
130
556
789
394
331
282
297
326
43
866
755
227
278
745
71
801
266
49
184
202
154
311
486
650
376
599
654
199
14
32
830
332
502
864
284
259
424
276
269
277
561
483
256
701
165
183
288
188
89
539
578
334
453
28
86
63
337
214
134
98
433
381
495
439
238
722
543
535
807
735
662
551
752
257
516
346
552
162
99
307
584
598
437
156
60
300
476
677
788
653
783
509
656
323
559
711
499
204
663
733
785
409
844
446
363
228
463
768
700
644
114
382
82
831
240
669
675
251
772
72
344
353
780
194
403
149
445
375
286
702
655
190
782
829
96
179
219
607
604
642
579
270
626
481
116
761
744
287
763
135
827
795
160
39
336
484
151
586
851
679
54
129
550
540
418
316
546
637
798
109
698
6
172
127
146
252
185
108
847
737
750
450
749
674
705
602
799
523
295
341
75
623
699
123
377
299
141
306
182
243
224
861
327
527
132
467
2
217
562
581
181
836
428
560
260
461
436
507
399
78
158
818
838
621
46
863
691
585
176
370
131
140
692
869
534
392
203
333
58
340
454
442
15
680
152
177
417
521
291
366
664
823
601
485
401
681
634
255
174
672
668
591
804
379
74
840
209
90
325
359
494
254
167
210
544
529
350
422
105
242
320
706
205
31
760
729
636
274
505
596
208
449
608
825
25
565
365
338
261
457
514
364
633
842
632
736
148
532
302
447
748
600
870
794
91
440
728
92
542
104
577
683
170
648
619
872
76
865
258
564
732
0
764
531
139
747
113
345
385
843
466
512
629
657
355
708
87
372
200
52
369
4
850
318
659
592
30
229
777
725
452
500
301
720
85
56
138
136
860
661
767
612
65
482
671
234
504
18
489
171
408
405
330
246
455
206
508
862
20
487
119
451
689
126
198
630
828
77
62
389
710
545
792
143
867
776
613
358
595
431
548
528
530
280
180
533
498
813
739
225
686
245
696
614
491
524
16
643
352
175
593
833
19
557
66
435
230
784
580